50
300401007000507843400000000013248579000000400840005020006004105004310000107009600
174620953360709081980305076500080340298104700037506000750463092029871034843950610
507300040620940005049150000970631450001800762060200003005463020230710500184000037
109000482080390600005210093400007031050430870803921000964500000010060050500009308
000070612008030597720009080000003005000100709300940008017000003200704906006082401
000010070040253809000007000061509000000070105500108090900000043750342018084900207
090100080006820400070004920000000140040080030038002796900000360160098207003000010
090730028060214005002050001070420839084607100009580764006040083000178046948300507
002060100960135004007029003604980020029000401100602300056394812400208706000000945
400960100086005000159000006062300501500000070004582300000024000000830420003000900
000000200153600749600000005907825401310096527200100906536704802020350004470000153
610829357039000624275634081952786013000450798487913260506398172023560840108200530
596043080017680000820917540040002069285160407700408105900021074650304000100890250
300000400981004520207000090600103750000458002590006104006007219012049003000620800
300401007000507843400000000013248579000000400840005020006004105004310000107009600
109000482080390600005210093400007031050430870803921000964500000010060050500009308
000010070040253809000007000061509000000070105500108090900000043750342018084900207
300401007000507843400000000013248579000000400840005020006004105004310000107009600
400960100086005000159000006062300501500000070004582300000024000000830420003000900
020967018009000637000003092087054021000170806046000905092000050070501280051048009
109000482080390600005210093400007031050430870803921000964500000010060050500009308
000000200153600749600000005907825401310096527200100906536704802020350004470000153
596043080017680000820917540040002069285160407700408105900021074650304000100890250
450879100700030049100600030384007200005102983001385076817203694200000710549016028
400960100086005000159000006062300501500000070004582300000024000000830420003000900
300000400981004520207000090600103750000458002590006104006007219012049003000620800
000010070040253809000007000061509000000070105500108090900000043750342018084900207
300000400981004520207000090600103750000458002590006104006007219012049003000620800
450879100700030049100600030384007200005102983001385076817203694200000710549016028
596043080017680000820917540040002069285160407700408105900021074650304000100890250
109000482080390600005210093400007031050430870803921000964500000010060050500009308
610829357039000624275634081952786013000450798487913260506398172023560840108200530
000070612008030597720009080000003005000100709300940008017000003200704906006082401
400960100086005000159000006062300501500000070004582300000024000000830420003000900
174620953360709081980305076500080340298104700037506000750463092029871034843950610
174620953360709081980305076500080340298104700037506000750463092029871034843950610
450879100700030049100600030384007200005102983001385076817203694200000710549016028
020967018009000637000003092087054021000170806046000905092000050070501280051048009
174620953360709081980305076500080340298104700037506000750463092029871034843950610
090730028060214005002050001070420839084607100009580764006040083000178046948300507
020967018009000637000003092087054021000170806046000905092000050070501280051048009
000000200153600749600000005907825401310096527200100906536704802020350004470000153
000070612008030597720009080000003005000100709300940008017000003200704906006082401
400960100086005000159000006062300501500000070004582300000024000000830420003000900
610829357039000624275634081952786013000450798487913260506398172023560840108200530
596043080017680000820917540040002069285160407700408105900021074650304000100890250
174620953360709081980305076500080340298104700037506000750463092029871034843950610
000010070040253809000007000061509000000070105500108090900000043750342018084900207
300401007000507843400000000013248579000000400840005020006004105004310000107009600
507300040620940005049150000970631450001800762060200003005463020230710500184000037
