20
000003700400050601007061450800504362051032847000670000500427006094080005706090284
900607040402310570307002890020053410003200605508060732009708004030006057000190028
006908000530040089100075040070800590284500003001004000009007030010000860327400051
019000500700035000000000004945020760001987400008004903053702100406108007027600000
019000500700035000000000004945020760001987400008004903053702100406108007027600000
306580200004029650000030000041052000002197400900603120000000300078060501503000002
306580200004029650000030000041052000002197400900603120000000300078060501503000002
900004000102806500076590810821039700040000020000027180003008000604750008058300400
006908000530040089100075040070800590284500003001004000009007030010000860327400051
900607040402310570307002890020053410003200605508060732009708004030006057000190028
000003700400050601007061450800504362051032847000670000500427006094080005706090284
019000500700035000000000004945020760001987400008004903053702100406108007027600000
000003700400050601007061450800504362051032847000670000500427006094080005706090284
000003700400050601007061450800504362051032847000670000500427006094080005706090284
900607040402310570307002890020053410003200605508060732009708004030006057000190028
019000500700035000000000004945020760001987400008004903053702100406108007027600000
900607040402310570307002890020053410003200605508060732009708004030006057000190028
306580200004029650000030000041052000002197400900603120000000300078060501503000002
900607040402310570307002890020053410003200605508060732009708004030006057000190028
900004000102806500076590810821039700040000020000027180003008000604750008058300400
