500
234089507508206930060304128385917000090428700042563010820735400159840370003600285
050003080704901005800050907107098026006030704940675130371024650005009000208000400
234089507508206930060304128385917000090428700042563010820735400159840370003600285
020680370560397200370204506745102908000050020630940107000000860200401700950020010
600139702080050104123874906408000320301520648760080019509708260004306090830090000
040051706976803400050000090402000010700019020003000074007145000500697080100238047
050400206409000001218006549082050300040630928037084005304900862890042050105860490
700000360090408005625100008008002900900050200207903050060000000000040032570201080
800000000700800905360715020030200009210050080000008002582007006076023008000689007
000200037000603080200410006379040060020005098801790040000028604080970025502061070
030000018050001069160002073003020054000005820500168037079003640025700390006500002
700000360090408005625100008008002900900050200207903050060000000000040032570201080
362000054070000900000375820231659400007204000005010000709100003000000500023060090
020600000497000026000009480034781009201095804000400710800107902040002000050030678
003002040000100058004000070080307002740908315029650704000500020030200500005006031
095000708100098000000470001403029105751640020060015000608954317000060004347200500
020500040800000201000000009603091500052408603701005004005360002018050090296004005
790080003830054197251003800410920305029367481600015729100539670000001502300872014
126350080000020003983740005015000830392008470070000021260007000059082000730695102
040080920006304805780000000004003590937005040050000030400850300300009104198000752
080069401000502907024000500108900060000000000309000740067098310500036070010050000
008005620005073800009000050600519083983400001020307940410800005390750000807061032
602793450005800000708205000000050042100320806004080035271900500000008001003410600
600200007000014000005000010150709604006000000379060025030050240941000500060000900
007800310500913287100700000000047501054106000013000070300085902000070130809231005
040080920006304805780000000004003590937005040050000030400850300300009104198000752
413005000050700600200008500035000100042060380600100005090016750000803209501900803
700001253060057900000000070290005080108936420500078009010080000000060000043090508
001072030360104700790086500973000020280791000000200980007008200005400806029000050
050000021000561090801073000702090016400005030900310072540132069170000243063007180
018006020020080301793100080300009470001040506004705003002300000000001009659200000
820000605035001204106002378050908007061040809087060050612094000049006720300005040
248195060000200010000074280490500806050408379780360001010800090870030502904050030
008914600940650700652730409500200041804061007000043965080395004205480000039000070
648090501570120806003080704761000980085009467000807005006270358300458670807936000
500700032039000600017060005170600028020000060653000000395071046080350709001209803
080320670040000090000080050090007320405030007700000046000201060002640000150970080
690020138080610705315970264802009040700006980000002503160490000478200350520830000
007800310500913287100700000000047501054106000013000070300085902000070130809231005
002058000850100004000000000000600870400095061076000500004003680038069000500000900
147930500083005941056410780834107209001029060629054817010090670790240000062080090
670020980984006000003900000062100504050200000419508370005002408040000157738410629
080900362000000400000000018600000704029080000050001290008056040060092070940030005
040081009706040102102706500020500700067000805008400960000000418001004300030010256
020680370560397200370204506745102908000050020630940107000000860200401700950020010
000458632060931054543672800900006000004005000000000028302194060006003210105060080
010300670980000105000007804009205300803001409642030007021074000000653000560000040
020500040800000201000000009603091500052408603701005004005360002018050090296004005
093408000040000002000072090000504000400036205615000000030060001000017029007000000
248195060000200010000074280490500806050408379780360001010800090870030502904050030
000810076000030008210900050003709620009200001006040705745023009981457060362090540
104300000000000064062000003040607300007000500203901700025090601008003070730005209
600200007000014000005000010150709604006000000379060025030050240941000500060000900
070001002040200003010075680000000040083000060500004109964500070000400950158900426
600891000054362008001740290560409731100000684748013009470130962000904000010206347
600891000054362008001740290560409731100000684748013009470130962000904000010206347
005000000000500069002008301278030006530080102400760008963001407100006005000097000
651308900000761038300005621073009002400813769006274800508492306209500000734086005
810249730540301926000000004605734810084060057009018642070026590900403008263090070
000607458007340000045920367000264830200573041036080005054896003019450780860030504
018006020020080301793100080300009470001040506004705003002300000000001009659200000
651308900000761038300005621073009002400813769006274800508492306209500000734086005
469080107103907428208000000010078200020690800984130000031005609640019582590840301
824763005600090080907025000090040200006000394042070008470280500209154076000900000
859326000300910060641805920060251039013748050024600010080003041090460380030000296
030000018050001069160002073003020054000005820500168037079003640025700390006500002
469253178500461902312970006041020005657009203920005860006500314204010589105834007
040081009706040102102706500020500700067000805008400960000000418001004300030010256
205001900014030000706050213640810000000270008178506432020360580061025040050148020
098104300000000086530700012060070004205009068009206030900603000007800050000917003
000607458007340000045920367000264830200573041036080005054896003019450780860030504
000020010000003007623100895579206000006040708001000006065408070008000009302507001
700000360090408005625100008008002900900050200207903050060000000000040032570201080
324060198070829300059003207706054931900071824100308000017030082200416070063080410
362000054070000900000375820231659400007204000005010000709100003000000500023060090
050003080704901005800050907107098026006030704940675130371024650005009000208000400
860490051079650000200080600000060300307829060006140070400500080008070512700238040
020500040800000201000000009603091500052408603701005004005360002018050090296004005
000200037000603080200410006379040060020005098801790040000028604080970025502061070
021090607000040012090700580030500200400030895002000000900000000570619420200057000
002058000850100004000000000000600870400095061076000500004003680038069000500000900
790080003830054197251003800410920305029367481600015729100539670000001502300872014
670020980984006000003900000062100504050200000419508370005002408040000157738410629
157900034800040002026307005040130070001420063003000009502804300000053407000000050
000458632060931054543672800900006000004005000000000028302194060006003210105060080
000020010000003007623100895579206000006040708001000006065408070008000009302507001
904000080051900067000010059796351042100000600040060300403506020008039006000080000
021307050560020973000560102080700400600290010030004090008030760000402089407000201
500162083600080040030400600705608090006200000090004850000000210460820075003570400
600891000054362008001740290560409731100000684748013009470130962000904000010206347
000640081000300020100000000800000096692810400050967000340000270500703640008406003
001072030360104700790086500973000020280791000000200980007008200005400806029000050
109458007708000001000009080500861090004307006300000710000200100281970600067104025
020680370560397200370204506745102908000050020630940107000000860200401700950020010
157900034800040002026307005040130070001420063003000009502804300000053407000000050
700000360090408005625100008008002900900050200207903050060000000000040032570201080
080010065070000289006200073800004097702509800030700000020000700507001000093070050
670020980984006000003900000062100504050200000419508370005002408040000157738410629
000475060080100090006090170690200037425000009070004002002507000800649020040321986
001072030360104700790086500973000020280791000000200980007008200005400806029000050
008914600940650700652730409500200041804061007000043965080395004205480000039000070
070001060005000800004085003090800105180000090052194000307400058040920007000037241
600002007914000200502613498090050600000037900853964172105076029006029705700000001
126350080000020003983740005015000830392008470070000021260007000059082000730695102
316092805928005076070006320080504007703908000042360081000003060207640508654801200
080900362000000400000000018600000704029080000050001290008056040060092070940030005
413005000050700600200008500035000100042060380600100005090016750000803209501900803
040051706976803400050000090402000010700019020003000074007145000500697080100238047
670094000001085706080703409002800000050026087000000021300008005026059078010600003
800000000700800905360715020030200009210050080000008002582007006076023008000689007
095000708100098000000470001403029105751640020060015000608954317000060004347200500
093408000040000002000072090000504000400036205615000000030060001000017029007000000
050400206409000001218006549082050300040630928037084005304900862890042050105860490
500162083600080040030400600705608090006200000090004850000000210460820075003570400
600009580000070942090582037040060010208140706000005003570008009102950000963020008
008914600940650700652730409500200041804061007000043965080395004205480000039000070
413005000050700600200008500035000100042060380600100005090016750000803209501900803
000070400000100003000030600420980030790256040000700060060005720500017000100600000
080900362000000400000000018600000704029080000050001290008056040060092070940030005
600009580000070942090582037040060010208140706000005003570008009102950000963020008
093408000040000002000072090000504000400036205615000000030060001000017029007000000
070001060005000800004085003090800105180000090052194000307400058040920007000037241
000302001219580304007901020650020000002000735970400206090260000406850090020104050
050400206409000001218006549082050300040630928037084005304900862890042050105860490
300167854008209037764308921053726408496830712802914000941573286030482170207091043
000200037000603080200410006379040060020005098801790040000028604080970025502061070
700001253060057900000000070290005080108936420500078009010080000000060000043090508
600002007914000200502613498090050600000037900853964172105076029006029705700000001
469253178500461902312970006041020005657009203920005860006500314204010589105834007
324709106007004009659000070900310840000090000043000701430002060700060204206901500
470000200060050040000406100539070010020840930040000000000200700758061029000000603
030657480654210030810090562100804005405026300786500014040000020070060100301040850
098104300000000086530700012060070004205009068009206030900603000007800050000917003
147930500083005941056410780834107209001029060629054817010090670790240000062080090
600002007914000200502613498090050600000037900853964172105076029006029705700000001
469253178500461902312970006041020005657009203920005860006500314204010589105834007
908400271030007006070298004305140800002675130090000040040951000500306400620080003
080069401000502907024000500108900060000000000309000740067098310500036070010050000
126350080000020003983740005015000830392008470070000021260007000059082000730695102
000094008097280600310500904509000300840059007060700059084005000000802493002060580
600891000054362008001740290560409731100000684748013009470130962000904000010206347
080010065070000289006200073800004097702509800030700000020000700507001000093070050
651308900000761038300005621073009002400813769006274800508492306209500000734086005
316092805928005076070006320080504007703908000042360081000003060207640508654801200
904000080051900067000010059796351042100000600040060300403506020008039006000080000
602793450005800000708205000000050042100320806004080035271900500000008001003410600
690020138080610705315970264802009040700006980000002503160490000478200350520830000
362000054070000900000375820231659400007204000005010000709100003000000500023060090
002050007500030000040028050308401520007063149061000008020000000030000280085000604
670400205820500091090020000739805002006090700480060009245687010908030057007900006
021307050560020973000560102080700400600290010030004090008030760000402089407000201
469253178500461902312970006041020005657009203920005860006500314204010589105834007
010076000607003900940821600051002000302004080009050031230005070070010863196038502
147930500083005941056410780834107209001029060629054817010090670790240000062080090
080010065070000289006200073800004097702509800030700000020000700507001000093070050
000475060080100090006090170690200037425000009070004002002507000800649020040321986
000070400000100003000030600420980030790256040000700060060005720500017000100600000
000810076000030008210900050003709620009200001006040705745023009981457060362090540
648090501570120806003080704761000980085009467000807005006270358300458670807936000
600200007000014000005000010150709604006000000379060025030050240941000500060000900
600002007914000200502613498090050600000037900853964172105076029006029705700000001
147930500083005941056410780834107209001029060629054817010090670790240000062080090
523000804976148032810032009498357126607281003231004705105423907742619300309070200
324060198070829300059003207706054931900071824100308000017030082200416070063080410
008005620005073800009000050600519083983400001020307940410800005390750000807061032
670094000001085706080703409002800000050026087000000021300008005026059078010600003
008102050200674019719830402800000720126047030000083140681459003000301004350728090
080069401000502907024000500108900060000000000309000740067098310500036070010050000
050003080704901005800050907107098026006030704940675130371024650005009000208000400
000470003002310400000029000098560031006000004407281965014030080705000300309058040
600139702080050104123874906408000320301520648760080019509708260004306090830090000
651308900000761038300005621073009002400813769006274800508492306209500000734086005
000250000000306159009004063850091000014800000090000807920000081067518904080000005
647050002509806000001720009060070800082040310305002400250060903106230008000098061
790080003830054197251003800410920305029367481600015729100539670000001502300872014
790080003830054197251003800410920305029367481600015729100539670000001502300872014
080900362000000400000000018600000704029080000050001290008056040060092070940030005
904000080051900067000010059796351042100000600040060300403506020008039006000080000
021090607000040012090700580030500200400030895002000000900000000570619420200057000
234089507508206930060304128385917000090428700042563010820735400159840370003600285
248195060000200010000074280490500806050408379780360001010800090870030502904050030
000200037000603080200410006379040060020005098801790040000028604080970025502061070
080010065070000289006200073800004097702509800030700000020000700507001000093070050
859326000300910060641805920060251039013748050024600010080003041090460380030000296
007800310500913287100700000000047501054106000013000070300085902000070130809231005
060001803870060190019005200152080406006352700037000580640570028000428001020100945
859326000300910060641805920060251039013748050024600010080003041090460380030000296
000810076000030008210900050003709620009200001006040705745023009981457060362090540
008102050200674019719830402800000720126047030000083140681459003000301004350728090
040068901007009030005071264700056103900800700002940050000090305039180027078600010
000020010000003007623100895579206000006040708001000006065408070008000009302507001
600002007914000200502613498090050600000037900853964172105076029006029705700000001
800063540035087020600240000080050614900704205501608300276400050300070092100000400
000000090905614320341982060100045870050726000607108000089260100200031009010050602
602793450005800000708205000000050042100320806004080035271900500000008001003410600
648090501570120806003080704761000980085009467000807005006270358300458670807936000
908400271030007006070298004305140800002675130090000040040951000500306400620080003
000810076000030008210900050003709620009200001006040705745023009981457060362090540
018006020020080301793100080300009470001040506004705003002300000000001009659200000
000020010000003007623100895579206000006040708001000006065408070008000009302507001
030657480654210030810090562100804005405026300786500014040000020070060100301040850
647050002509806000001720009060070800082040310305002400250060903106230008000098061
000820907300070205040905860009080600136009080580160000060051390800000004020008100
470000200060050040000406100539070010020840930040000000000200700758061029000000603
690020138080610705315970264802009040700006980000002503160490000478200350520830000
500162083600080040030400600705608090006200000090004850000000210460820075003570400
316092805928005076070006320080504007703908000042360081000003060207640508654801200
800063540035087020600240000080050614900704205501608300276400050300070092100000400
093408000040000002000072090000504000400036205615000000030060001000017029007000000
602793450005800000708205000000050042100320806004080035271900500000008001003410600
860490051079650000200080600000060300307829060006140070400500080008070512700238040
908400271030007006070298004305140800002675130090000040040951000500306400620080003
000475060080100090006090170690200037425000009070004002002507000800649020040321986
030657480654210030810090562100804005405026300786500014040000020070060100301040850
903764851841052376675318049012875004497006038568430710236581097780003125050247603
800000000700800905360715020030200009210050080000008002582007006076023008000689007
800063540035087020600240000080050614900704205501608300276400050300070092100000400
600891000054362008001740290560409731100000684748013009470130962000904000010206347
824763005600090080907025000090040200006000394042070008470280500209154076000900000
050000021000561090801073000702090016400005030900310072540132069170000243063007180
000060002054000008901370060010009380800000506090800201130000600000602100569003800
002050007500030000040028050308401520007063149061000008020000000030000280085000604
700001253060057900000000070290005080108936420500078009010080000000060000043090508
903764851841052376675318049012875004497006038568430710236581097780003125050247603
020600000497000026000009480034781009201095804000400710800107902040002000050030678
000000090905614320341982060100045870050726000607108000089260100200031009010050602
008102050200674019719830402800000720126047030000083140681459003000301004350728090
080069401000502907024000500108900060000000000309000740067098310500036070010050000
859326000300910060641805920060251039013748050024600010080003041090460380030000296
080010065070000289006200073800004097702509800030700000020000700507001000093070050
001072030360104700790086500973000020280791000000200980007008200005400806029000050
000607458007340000045920367000264830200573041036080005054896003019450780860030504
007800310500913287100700000000047501054106000013000070300085902000070130809231005
000540096000002005450096700095000020104008057026450031000084060608700009510000008
021090607000040012090700580030500200400030895002000000900000000570619420200057000
060001803870060190019005200152080406006352700037000580640570028000428001020100945
098104300000000086530700012060070004205009068009206030900603000007800050000917003
126350080000020003983740005015000830392008470070000021260007000059082000730695102
648090501570120806003080704761000980085009467000807005006270358300458670807936000
010300670980000105000007804009205300803001409642030007021074000000653000560000040
600139702080050104123874906408000320301520648760080019509708260004306090830090000
050400206409000001218006549082050300040630928037084005304900862890042050105860490
469080107103907428208000000010078200020690800984130000031005609640019582590840301
600009580000070942090582037040060010208140706000005003570008009102950000963020008
042759080000001025000000197005087930008500004003290800900000070007168500000070316
000470003002310400000029000098560031006000004407281965014030080705000300309058040
570000010016000043320010657680000100740008500000700068007890020002400091003000706
010300000090000812806040900948000000000907045705010300583000406400000083102804750
008914600940650700652730409500200041804061007000043965080395004205480000039000070
700000360090408005625100008008002900900050200207903050060000000000040032570201080
020500040800000201000000009603091500052408603701005004005360002018050090296004005
600200007000014000005000010150709604006000000379060025030050240941000500060000900
090600000040001008000080920007806200019000674200009015000500040024108069765094100
040080920006304805780000000004003590937005040050000030400850300300009104198000752
009006000500000981478000205000030800002500016000762539706400003080673090000910608
080069401000502907024000500108900060000000000309000740067098310500036070010050000
021307050560020973000560102080700400600290010030004090008030760000402089407000201
570000010016000043320010657680000100740008500000700068007890020002400091003000706
080069401000502907024000500108900060000000000309000740067098310500036070010050000
008102050200674019719830402800000720126047030000083140681459003000301004350728090
600230751002607408507108609020800900000360010050002806000570392075003060010026000
000810076000030008210900050003709620009200001006040705745023009981457060362090540
050400206409000001218006549082050300040630928037084005304900862890042050105860490
500700032039000600017060005170600028020000060653000000395071046080350709001209803
670020980984006000003900000062100504050200000419508370005002408040000157738410629
000200037000603080200410006379040060020005098801790040000028604080970025502061070
000060002054000008901370060010009380800000506090800201130000600000602100569003800
050400206409000001218006549082050300040630928037084005304900862890042050105860490
000820907300070205040905860009080600136009080580160000060051390800000004020008100
700001253060057900000000070290005080108936420500078009010080000000060000043090508
570000010016000043320010657680000100740008500000700068007890020002400091003000706
040100000500304009010829300009708230000000570006003908000600405100097860304080007
316092805928005076070006320080504007703908000042360081000003060207640508654801200
000060002054000008901370060010009380800000506090800201130000600000602100569003800
000094008097280600310500904509000300840059007060700059084005000000802493002060580
500700032039000600017060005170600028020000060653000000395071046080350709001209803
008005620005073800009000050600519083983400001020307940410800005390750000807061032
600230751002607408507108609020800900000360010050002806000570392075003060010026000
600139702080050104123874906408000320301520648760080019509708260004306090830090000
600009580000070942090582037040060010208140706000005003570008009102950000963020008
469080107103907428208000000010078200020690800984130000031005609640019582590840301
000054091805690402090200580904500037500060020032000005307912000149080000608000709
002058000850100004000000000000600870400095061076000500004003680038069000500000900
010300000090000812806040900948000000000907045705010300583000406400000083102804750
002058000850100004000000000000600870400095061076000500004003680038069000500000900
859326000300910060641805920060251039013748050024600010080003041090460380030000296
040051706976803400050000090402000010700019020003000074007145000500697080100238047
000060002054000008901370060010009380800000506090800201130000600000602100569003800
080401025040235000000670430008000000950000184020810000003150098470902050000300000
050304621006582034040160589420605000001409050065001942170003060008006000000050000
602793450005800000708205000000050042100320806004080035271900500000008001003410600
700001253060057900000000070290005080108936420500078009010080000000060000043090508
002050007500030000040028050308401520007063149061000008020000000030000280085000604
970000045000007000800000300269043580005029634340100920680200403500004200403008050
042759080000001025000000197005087930008500004003290800900000070007168500000070316
050000021000561090801073000702090016400005030900310072540132069170000243063007180
157900034800040002026307005040130070001420063003000009502804300000053407000000050
324060198070829300059003207706054931900071824100308000017030082200416070063080410
147930500083005941056410780834107209001029060629054817010090670790240000062080090
324709106007004009659000070900310840000090000043000701430002060700060204206901500
018006020020080301793100080300009470001040506004705003002300000000001009659200000
000458632060931054543672800900006000004005000000000028302194060006003210105060080
316092805928005076070006320080504007703908000042360081000003060207640508654801200
700000360090408005625100008008002900900050200207903050060000000000040032570201080
020500040800000201000000009603091500052408603701005004005360002018050090296004005
324060198070829300059003207706054931900071824100308000017030082200416070063080410
824763005600090080907025000090040200006000394042070008470280500209154076000900000
690020138080610705315970264802009040700006980000002503160490000478200350520830000
069010300000560241020800005070908520380706190495021687900080032003004000018000056
003027004127605080605093270009500100000084092400710058000900005500000716270000039
790080003830054197251003800410920305029367481600015729100539670000001502300872014
570000010016000043320010657680000100740008500000700068007890020002400091003000706
324060198070829300059003207706054931900071824100308000017030082200416070063080410
010300000090000812806040900948000000000907045705010300583000406400000083102804750
300167854008209037764308921053726408496830712802914000941573286030482170207091043
800063540035087020600240000080050614900704205501608300276400050300070092100000400
316092805928005076070006320080504007703908000042360081000003060207640508654801200
000060002054000008901370060010009380800000506090800201130000600000602100569003800
069010300000560241020800005070908520380706190495021687900080032003004000018000056
008914600940650700652730409500200041804061007000043965080395004205480000039000070
040080920006304805780000000004003590937005040050000030400850300300009104198000752
008102050200674019719830402800000720126047030000083140681459003000301004350728090
000000090905614320341982060100045870050726000607108000089260100200031009010050602
040068901007009030005071264700056103900800700002940050000090305039180027078600010
007520086802306100010070200180030007000760500700105000000008005001000800638900021
050000021000561090801073000702090016400005030900310072540132069170000243063007180
000302001219580304007901020650020000002000735970400206090260000406850090020104050
670094000001085706080703409002800000050026087000000021300008005026059078010600003
002058000850100004000000000000600870400095061076000500004003680038069000500000900
651308900000761038300005621073009002400813769006274800508492306209500000734086005
500700032039000600017060005170600028020000060653000000395071046080350709001209803
020600000497000026000009480034781009201095804000400710800107902040002000050030678
300167854008209037764308921053726408496830712802914000941573286030482170207091043
109458007708000001000009080500861090004307006300000710000200100281970600067104025
000607458007340000045920367000264830200573041036080005054896003019450780860030504
070001002040200003010075680000000040083000060500004109964500070000400950158900426
003002040000100058004000070080307002740908315029650704000500020030200500005006031
000020010000003007623100895579206000006040708001000006065408070008000009302507001
040080920006304805780000000004003590937005040050000030400850300300009104198000752
651308900000761038300005621073009002400813769006274800508492306209500000734086005
600891000054362008001740290560409731100000684748013009470130962000904000010206347
060001803870060190019005200152080406006352700037000580640570028000428001020100945
070001060005000800004085003090800105180000090052194000307400058040920007000037241
000458632060931054543672800900006000004005000000000028302194060006003210105060080
670020980984006000003900000062100504050200000419508370005002408040000157738410629
324709106007004009659000070900310840000090000043000701430002060700060204206901500
020600000497000026000009480034781009201095804000400710800107902040002000050030678
362000054070000900000375820231659400007204000005010000709100003000000500023060090
069010300000560241020800005070908520380706190495021687900080032003004000018000056
000094008097280600310500904509000300840059007060700059084005000000802493002060580
000020010000003007623100895579206000006040708001000006065408070008000009302507001
908400271030007006070298004305140800002675130090000040040951000500306400620080003
000060002054000008901370060010009380800000506090800201130000600000602100569003800
040080920006304805780000000004003590937005040050000030400850300300009104198000752
080069401000502907024000500108900060000000000309000740067098310500036070010050000
080401025040235000000670430008000000950000184020810000003150098470902050000300000
600139702080050104123874906408000320301520648760080019509708260004306090830090000
000810076000030008210900050003709620009200001006040705745023009981457060362090540
648090501570120806003080704761000980085009467000807005006270358300458670807936000
008914600940650700652730409500200041804061007000043965080395004205480000039000070
500720430760043108034891070396270001000089300008004002040000057900050680000008214
470000200060050040000406100539070010020840930040000000000200700758061029000000603
859326000300910060641805920060251039013748050024600010080003041090460380030000296
050400206409000001218006549082050300040630928037084005304900862890042050105860490
860490051079650000200080600000060300307829060006140070400500080008070512700238040
100527390289004600003968421405070200900451030000892005530000002090280574000640913
008005620005073800009000050600519083983400001020307940410800005390750000807061032
000094008097280600310500904509000300840059007060700059084005000000802493002060580
600002007914000200502613498090050600000037900853964172105076029006029705700000001
020680370560397200370204506745102908000050020630940107000000860200401700950020010
648090501570120806003080704761000980085009467000807005006270358300458670807936000
000094008097280600310500904509000300840059007060700059084005000000802493002060580
003027004127605080605093270009500100000084092400710058000900005500000716270000039
080401025040235000000670430008000000950000184020810000003150098470902050000300000
050304621006582034040160589420605000001409050065001942170003060008006000000050000
000640081000300020100000000800000096692810400050967000340000270500703640008406003
109458007708000001000009080500861090004307006300000710000200100281970600067104025
469080107103907428208000000010078200020690800984130000031005609640019582590840301
570000010016000043320010657680000100740008500000700068007890020002400091003000706
007800310500913287100700000000047501054106000013000070300085902000070130809231005
570000010016000043320010657680000100740008500000700068007890020002400091003000706
000302001219580304007901020650020000002000735970400206090260000406850090020104050
002058000850100004000000000000600870400095061076000500004003680038069000500000900
104300000000000064062000003040607300007000500203901700025090601008003070730005209
700001253060057900000000070290005080108936420500078009010080000000060000043090508
030000018050001069160002073003020054000005820500168037079003640025700390006500002
040080920006304805780000000004003590937005040050000030400850300300009104198000752
000820907300070205040905860009080600136009080580160000060051390800000004020008100
000820907300070205040905860009080600136009080580160000060051390800000004020008100
060001803870060190019005200152080406006352700037000580640570028000428001020100945
000458632060931054543672800900006000004005000000000028302194060006003210105060080
060001803870060190019005200152080406006352700037000580640570028000428001020100945
000640081000300020100000000800000096692810400050967000340000270500703640008406003
020600000497000026000009480034781009201095804000400710800107902040002000050030678
040081009706040102102706500020500700067000805008400960000000418001004300030010256
700001253060057900000000070290005080108936420500078009010080000000060000043090508
109458007708000001000009080500861090004307006300000710000200100281970600067104025
021307050560020973000560102080700400600290010030004090008030760000402089407000201
008005620005073800009000050600519083983400001020307940410800005390750000807061032
069010300000560241020800005070908520380706190495021687900080032003004000018000056
003002040000100058004000070080307002740908315029650704000500020030200500005006031
040051706976803400050000090402000010700019020003000074007145000500697080100238047
070001060005000800004085003090800105180000090052194000307400058040920007000037241
800063540035087020600240000080050614900704205501608300276400050300070092100000400
523000804976148032810032009498357126607281003231004705105423907742619300309070200
040100000500304009010829300009708230000000570006003908000600405100097860304080007
080320670040000090000080050090007320405030007700000046000201060002640000150970080
040081009706040102102706500020500700067000805008400960000000418001004300030010256
600009580000070942090582037040060010208140706000005003570008009102950000963020008
002600300000000659000047018100050423400203061623810975037000584061400700000008190
080900362000000400000000018600000704029080000050001290008056040060092070940030005
069010300000560241020800005070908520380706190495021687900080032003004000018000056
020600000497000026000009480034781009201095804000400710800107902040002000050030678
908400271030007006070298004305140800002675130090000040040951000500306400620080003
090600000040001008000080920007806200019000674200009015000500040024108069765094100
824763005600090080907025000090040200006000394042070008470280500209154076000900000
790080003830054197251003800410920305029367481600015729100539670000001502300872014
602793450005800000708205000000050042100320806004080035271900500000008001003410600
021090607000040012090700580030500200400030895002000000900000000570619420200057000
070001002040200003010075680000000040083000060500004109964500070000400950158900426
008102050200674019719830402800000720126047030000083140681459003000301004350728090
098104300000000086530700012060070004205009068009206030900603000007800050000917003
040081009706040102102706500020500700067000805008400960000000418001004300030010256
090600000040001008000080920007806200019000674200009015000500040024108069765094100
000000090905614320341982060100045870050726000607108000089260100200031009010050602
000000090905614320341982060100045870050726000607108000089260100200031009010050602
000094008097280600310500904509000300840059007060700059084005000000802493002060580
070001060005000800004085003090800105180000090052194000307400058040920007000037241
570000010016000043320010657680000100740008500000700068007890020002400091003000706
069010300000560241020800005070908520380706190495021687900080032003004000018000056
362000054070000900000375820231659400007204000005010000709100003000000500023060090
500162083600080040030400600705608090006200000090004850000000210460820075003570400
903764851841052376675318049012875004497006038568430710236581097780003125050247603
000020010000003007623100895579206000006040708001000006065408070008000009302507001
126350080000020003983740005015000830392008470070000021260007000059082000730695102
147930500083005941056410780834107209001029060629054817010090670790240000062080090
080010065070000289006200073800004097702509800030700000020000700507001000093070050
002058000850100004000000000000600870400095061076000500004003680038069000500000900
002050007500030000040028050308401520007063149061000008020000000030000280085000604
040068901007009030005071264700056103900800700002940050000090305039180027078600010
000607458007340000045920367000264830200573041036080005054896003019450780860030504
600200007000014000005000010150709604006000000379060025030050240941000500060000900
000810076000030008210900050003709620009200001006040705745023009981457060362090540
003002040000100058004000070080307002740908315029650704000500020030200500005006031
600230751002607408507108609020800900000360010050002806000570392075003060010026000
000820907300070205040905860009080600136009080580160000060051390800000004020008100
500720430760043108034891070396270001000089300008004002040000057900050680000008214
000094008097280600310500904509000300840059007060700059084005000000802493002060580
010300000090000812806040900948000000000907045705010300583000406400000083102804750
040068901007009030005071264700056103900800700002940050000090305039180027078600010
500162083600080040030400600705608090006200000090004850000000210460820075003570400
000458632060931054543672800900006000004005000000000028302194060006003210105060080
600200007000014000005000010150709604006000000379060025030050240941000500060000900
500700032039000600017060005170600028020000060653000000395071046080350709001209803
000000090905614320341982060100045870050726000607108000089260100200031009010050602
080401025040235000000670430008000000950000184020810000003150098470902050000300000
800000000700800905360715020030200009210050080000008002582007006076023008000689007
100527390289004600003968421405070200900451030000892005530000002090280574000640913
824763005600090080907025000090040200006000394042070008470280500209154076000900000
000820907300070205040905860009080600136009080580160000060051390800000004020008100
008102050200674019719830402800000720126047030000083140681459003000301004350728090
248195060000200010000074280490500806050408379780360001010800090870030502904050030
790080003830054197251003800410920305029367481600015729100539670000001502300872014
000607458007340000045920367000264830200573041036080005054896003019450780860030504
000070400000100003000030600420980030790256040000700060060005720500017000100600000
008005620005073800009000050600519083983400001020307940410800005390750000807061032
648090501570120806003080704761000980085009467000807005006270358300458670807936000
070001060005000800004085003090800105180000090052194000307400058040920007000037241
700000360090408005625100008008002900900050200207903050060000000000040032570201080
095000708100098000000470001403029105751640020060015000608954317000060004347200500
820000605035001204106002378050908007061040809087060050612094000049006720300005040
040100000500304009010829300009708230000000570006003908000600405100097860304080007
600230751002607408507108609020800900000360010050002806000570392075003060010026000
157900034800040002026307005040130070001420063003000009502804300000053407000000050
007800310500913287100700000000047501054106000013000070300085902000070130809231005
000060002054000008901370060010009380800000506090800201130000600000602100569003800
651308900000761038300005621073009002400813769006274800508492306209500000734086005
600009580000070942090582037040060010208140706000005003570008009102950000963020008
098104300000000086530700012060070004205009068009206030900603000007800050000917003
040081009706040102102706500020500700067000805008400960000000418001004300030010256
362000054070000900000375820231659400007204000005010000709100003000000500023060090
670020980984006000003900000062100504050200000419508370005002408040000157738410629
003002040000100058004000070080307002740908315029650704000500020030200500005006031
080900362000000400000000018600000704029080000050001290008056040060092070940030005
010076000607003900940821600051002000302004080009050031230005070070010863196038502
070001002040200003010075680000000040083000060500004109964500070000400950158900426
040081009706040102102706500020500700067000805008400960000000418001004300030010256
362000054070000900000375820231659400007204000005010000709100003000000500023060090
157900034800040002026307005040130070001420063003000009502804300000053407000000050
069010300000560241020800005070908520380706190495021687900080032003004000018000056
300167854008209037764308921053726408496830712802914000941573286030482170207091043
754010003000003750923070100160038020000700301390621000406085000000040007200307000
000607458007340000045920367000264830200573041036080005054896003019450780860030504
070001060005000800004085003090800105180000090052194000307400058040920007000037241
040068901007009030005071264700056103900800700002940050000090305039180027078600010
040068901007009030005071264700056103900800700002940050000090305039180027078600010
470000200060050040000406100539070010020840930040000000000200700758061029000000603
007800310500913287100700000000047501054106000013000070300085902000070130809231005
600891000054362008001740290560409731100000684748013009470130962000904000010206347
460097530300040798057000041080701900000800005010930000000508000200070100870019400
