10
004790836097036040063402907000050003346008509502309060739025600025800390010943075
010008002000023968038690175302000090040009007060007201003015000024306050790402000
610750004002000100075040000006100009090028043030000500280400000061079200759200001
910000704002700090000043008300008069100050020684300170590000007000501030030690000
004790836097036040063402907000050003346008509502309060739025600025800390010943075
000400090425003007900508410002000709070900060894006030200007050006040008741830000
090430008180500200030080906000015000650000070720063090000050607470600100860901005
800010400610794003459000001040006000700180060000402035200009106000060350500200700
090430008180500200030080906000015000650000070720063090000050607470600100860901005
800010400610794003459000001040006000700180060000402035200009106000060350500200700
